[array([[ 1963.,  1963.,  1963.,  1963.,  1963.,  1963.,  1963.,  1963.,
         1963.,  1963.,  1963.,  1963.],
       [ 1964.,  1964.,  1964.,  1964.,  1964.,  1964.,  1964.,  1964.,
         1964.,  1964.,  1964.,  1964.],
       [ 1965.,  1965.,  1965.,  1965.,  1965.,  1965.,  1965.,  1965.,
         1965.,  1965.,  1965.,  1965.],
       [ 1966.,  1966.,  1966.,  1966.,  1966.,  1966.,  1966.,  1966.,
         1966.,  1966.,  1966.,  1966.],
       [ 1967.,  1967.,  1967.,  1967.,  1967.,  1967.,  1967.,  1967.,
         1967.,  1967.,  1967.,  1967.],
       [ 1968.,  1968.,  1968.,  1968.,  1968.,  1968.,  1968.,  1968.,
         1968.,  1968.,  1968.,  1968.],
       [ 1969.,  1969.,  1969.,  1969.,  1969.,  1969.,  1969.,  1969.,
         1969.,  1969.,  1969.,  1969.],
       [ 1970.,  1970.,  1970.,  1970.,  1970.,  1970.,  1970.,  1970.,
         1970.,  1970.,  1970.,  1970.],
       [ 1971.,  1971.,  1971.,  1971.,  1971.,  1971.,  1971.,  1971.,
         1971.,  1971.,  1971.,  1971.],
       [ 1972.,  1972.,  1972.,  1972.,  1972.,  1972.,  1972.,  1972.,
         1972.,  1972.,  1972.,  1972.],
       [ 1973.,  1973.,  1973.,  1973.,  1973.,  1973.,  1973.,  1973.,
         1973.,  1973.,  1973.,  1973.],
       [ 1974.,  1974.,  1974.,  1974.,  1974.,  1974.,  1974.,  1974.,
         1974.,  1974.,  1974.,  1974.],
       [ 1975.,  1975.,  1975.,  1975.,  1975.,  1975.,  1975.,  1975.,
         1975.,  1975.,  1975.,  1975.],
       [ 1976.,  1976.,  1976.,  1976.,  1976.,  1976.,  1976.,  1976.,
         1976.,  1976.,  1976.,  1976.],
       [ 1977.,  1977.,  1977.,  1977.,  1977.,  1977.,  1977.,  1977.,
         1977.,  1977.,  1977.,  1977.],
       [ 1978.,  1978.,  1978.,  1978.,  1978.,  1978.,  1978.,  1978.,
         1978.,  1978.,  1978.,  1978.],
       [ 1979.,  1979.,  1979.,  1979.,  1979.,  1979.,  1979.,  1979.,
         1979.,  1979.,  1979.,  1979.],
       [ 1980.,  1980.,  1980.,  1980.,  1980.,  1980.,  1980.,  1980.,
         1980.,  1980.,  1980.,  1980.],
       [ 1981.,  1981.,  1981.,  1981.,  1981.,  1981.,  1981.,  1981.,
         1981.,  1981.,  1981.,  1981.],
       [ 1982.,  1982.,  1982.,  1982.,  1982.,  1982.,  1982.,  1982.,
         1982.,  1982.,  1982.,  1982.],
       [ 1983.,  1983.,  1983.,  1983.,  1983.,  1983.,  1983.,  1983.,
         1983.,  1983.,  1983.,  1983.],
       [ 1984.,  1984.,  1984.,  1984.,  1984.,  1984.,  1984.,  1984.,
         1984.,  1984.,  1984.,  1984.],
       [ 1985.,  1985.,  1985.,  1985.,  1985.,  1985.,  1985.,  1985.,
         1985.,  1985.,  1985.,  1985.],
       [ 1986.,  1986.,  1986.,  1986.,  1986.,  1986.,  1986.,  1986.,
         1986.,  1986.,  1986.,  1986.],
       [ 1987.,  1987.,  1987.,  1987.,  1987.,  1987.,  1987.,  1987.,
         1987.,  1987.,  1987.,  1987.],
       [ 1988.,  1988.,  1988.,  1988.,  1988.,  1988.,  1988.,  1988.,
         1988.,  1988.,  1988.,  1988.],
       [ 1989.,  1989.,  1989.,  1989.,  1989.,  1989.,  1989.,  1989.,
         1989.,  1989.,  1989.,  1989.],
       [ 1990.,  1990.,  1990.,  1990.,  1990.,  1990.,  1990.,  1990.,
         1990.,  1990.,  1990.,  1990.],
       [ 1991.,  1991.,  1991.,  1991.,  1991.,  1991.,  1991.,  1991.,
         1991.,  1991.,  1991.,  1991.],
       [ 1992.,  1992.,  1992.,  1992.,  1992.,  1992.,  1992.,  1992.,
         1992.,  1992.,  1992.,  1992.],
       [ 1993.,  1993.,  1993.,  1993.,  1993.,  1993.,  1993.,  1993.,
         1993.,  1993.,  1993.,  1993.],
       [ 1994.,  1994.,  1994.,  1994.,  1994.,  1994.,  1994.,  1994.,
         1994.,  1994.,  1994.,  1994.],
       [ 1995.,  1995.,  1995.,  1995.,  1995.,  1995.,  1995.,  1995.,
         1995.,  1995.,  1995.,  1995.],
       [ 1996.,  1996.,  1996.,  1996.,  1996.,  1996.,  1996.,  1996.,
         1996.,  1996.,  1996.,  1996.],
       [ 1997.,  1997.,  1997.,  1997.,  1997.,  1997.,  1997.,  1997.,
         1997.,  1997.,  1997.,  1997.],
       [ 1998.,  1998.,  1998.,  1998.,  1998.,  1998.,  1998.,  1998.,
         1998.,  1998.,  1998.,  1998.],
       [ 1999.,  1999.,  1999.,  1999.,  1999.,  1999.,  1999.,  1999.,
         1999.,  1999.,  1999.,  1999.],
       [ 2000.,  2000.,  2000.,  2000.,  2000.,  2000.,  2000.,  2000.,
         2000.,  2000.,  2000.,  2000.],
       [ 2001.,  2001.,  2001.,  2001.,  2001.,  2001.,  2001.,  2001.,
         2001.,  2001.,  2001.,  2001.],
       [ 2002.,  2002.,  2002.,  2002.,  2002.,  2002.,  2002.,  2002.,
         2002.,  2002.,  2002.,  2002.],
       [ 2003.,  2003.,  2003.,  2003.,  2003.,  2003.,  2003.,  2003.,
         2003.,  2003.,  2003.,  2003.],
       [ 2004.,  2004.,  2004.,  2004.,  2004.,  2004.,  2004.,  2004.,
         2004.,  2004.,  2004.,  2004.],
       [ 2005.,  2005.,  2005.,  2005.,  2005.,  2005.,  2005.,  2005.,
         2005.,  2005.,  2005.,  2005.],
       [ 2006.,  2006.,  2006.,  2006.,  2006.,  2006.,  2006.,  2006.,
         2006.,  2006.,  2006.,  2006.],
       [ 2007.,  2007.,  2007.,  2007.,  2007.,  2007.,  2007.,  2007.,
         2007.,  2007.,  2007.,  2007.],
       [ 2008.,  2008.,  2008.,  2008.,  2008.,  2008.,  2008.,  2008.,
         2008.,  2008.,  2008.,  2008.],
       [ 2009.,  2009.,  2009.,  2009.,  2009.,  2009.,  2009.,  2009.,
         2009.,  2009.,  2009.,  2009.],
       [ 2010.,  2010.,  2010.,  2010.,  2010.,  2010.,  2010.,  2010.,
         2010.,  2010.,  2010.,  2010.],
       [ 2011.,  2011.,  2011.,  2011.,  2011.,  2011.,  2011.,  2011.,
         2011.,  2011.,  2011.,  2011.],
       [ 2012.,  2012.,  2012.,  2012.,  2012.,  2012.,  2012.,  2012.,
         2012.,  2012.,  2012.,  2012.],
       [ 2013.,  2013.,  2013.,  2013.,  2013.,  2013.,  2013.,  2013.,
         2013.,  2013.,  2013.,  2013.]]), array([[  1.,   2.,   3.,   4.,   5.,   6.,   7.,   8.,   9.,  10.,  11.,
         12.],
       [  1.,   2.,   3.,   4.,   5.,   6.,   7.,   8.,   9.,  10.,  11.,
         12.],
       [  1.,   2.,   3.,   4.,   5.,   6.,   7.,   8.,   9.,  10.,  11.,
         12.],
       [  1.,   2.,   3.,   4.,   5.,   6.,   7.,   8.,   9.,  10.,  11.,
         12.],
       [  1.,   2.,   3.,   4.,   5.,   6.,   7.,   8.,   9.,  10.,  11.,
         12.],
       [  1.,   2.,   3.,   4.,   5.,   6.,   7.,   8.,   9.,  10.,  11.,
         12.],
       [  1.,   2.,   3.,   4.,   5.,   6.,   7.,   8.,   9.,  10.,  11.,
         12.],
       [  1.,   2.,   3.,   4.,   5.,   6.,   7.,   8.,   9.,  10.,  11.,
         12.],
       [  1.,   2.,   3.,   4.,   5.,   6.,   7.,   8.,   9.,  10.,  11.,
         12.],
       [  1.,   2.,   3.,   4.,   5.,   6.,   7.,   8.,   9.,  10.,  11.,
         12.],
       [  1.,   2.,   3.,   4.,   5.,   6.,   7.,   8.,   9.,  10.,  11.,
         12.],
       [  1.,   2.,   3.,   4.,   5.,   6.,   7.,   8.,   9.,  10.,  11.,
         12.],
       [  1.,   2.,   3.,   4.,   5.,   6.,   7.,   8.,   9.,  10.,  11.,
         12.],
       [  1.,   2.,   3.,   4.,   5.,   6.,   7.,   8.,   9.,  10.,  11.,
         12.],
       [  1.,   2.,   3.,   4.,   5.,   6.,   7.,   8.,   9.,  10.,  11.,
         12.],
       [  1.,   2.,   3.,   4.,   5.,   6.,   7.,   8.,   9.,  10.,  11.,
         12.],
       [  1.,   2.,   3.,   4.,   5.,   6.,   7.,   8.,   9.,  10.,  11.,
         12.],
       [  1.,   2.,   3.,   4.,   5.,   6.,   7.,   8.,   9.,  10.,  11.,
         12.],
       [  1.,   2.,   3.,   4.,   5.,   6.,   7.,   8.,   9.,  10.,  11.,
         12.],
       [  1.,   2.,   3.,   4.,   5.,   6.,   7.,   8.,   9.,  10.,  11.,
         12.],
       [  1.,   2.,   3.,   4.,   5.,   6.,   7.,   8.,   9.,  10.,  11.,
         12.],
       [  1.,   2.,   3.,   4.,   5.,   6.,   7.,   8.,   9.,  10.,  11.,
         12.],
       [  1.,   2.,   3.,   4.,   5.,   6.,   7.,   8.,   9.,  10.,  11.,
         12.],
       [  1.,   2.,   3.,   4.,   5.,   6.,   7.,   8.,   9.,  10.,  11.,
         12.],
       [  1.,   2.,   3.,   4.,   5.,   6.,   7.,   8.,   9.,  10.,  11.,
         12.],
       [  1.,   2.,   3.,   4.,   5.,   6.,   7.,   8.,   9.,  10.,  11.,
         12.],
       [  1.,   2.,   3.,   4.,   5.,   6.,   7.,   8.,   9.,  10.,  11.,
         12.],
       [  1.,   2.,   3.,   4.,   5.,   6.,   7.,   8.,   9.,  10.,  11.,
         12.],
       [  1.,   2.,   3.,   4.,   5.,   6.,   7.,   8.,   9.,  10.,  11.,
         12.],
       [  1.,   2.,   3.,   4.,   5.,   6.,   7.,   8.,   9.,  10.,  11.,
         12.],
       [  1.,   2.,   3.,   4.,   5.,   6.,   7.,   8.,   9.,  10.,  11.,
         12.],
       [  1.,   2.,   3.,   4.,   5.,   6.,   7.,   8.,   9.,  10.,  11.,
         12.],
       [  1.,   2.,   3.,   4.,   5.,   6.,   7.,   8.,   9.,  10.,  11.,
         12.],
       [  1.,   2.,   3.,   4.,   5.,   6.,   7.,   8.,   9.,  10.,  11.,
         12.],
       [  1.,   2.,   3.,   4.,   5.,   6.,   7.,   8.,   9.,  10.,  11.,
         12.],
       [  1.,   2.,   3.,   4.,   5.,   6.,   7.,   8.,   9.,  10.,  11.,
         12.],
       [  1.,   2.,   3.,   4.,   5.,   6.,   7.,   8.,   9.,  10.,  11.,
         12.],
       [  1.,   2.,   3.,   4.,   5.,   6.,   7.,   8.,   9.,  10.,  11.,
         12.],
       [  1.,   2.,   3.,   4.,   5.,   6.,   7.,   8.,   9.,  10.,  11.,
         12.],
       [  1.,   2.,   3.,   4.,   5.,   6.,   7.,   8.,   9.,  10.,  11.,
         12.],
       [  1.,   2.,   3.,   4.,   5.,   6.,   7.,   8.,   9.,  10.,  11.,
         12.],
       [  1.,   2.,   3.,   4.,   5.,   6.,   7.,   8.,   9.,  10.,  11.,
         12.],
       [  1.,   2.,   3.,   4.,   5.,   6.,   7.,   8.,   9.,  10.,  11.,
         12.],
       [  1.,   2.,   3.,   4.,   5.,   6.,   7.,   8.,   9.,  10.,  11.,
         12.],
       [  1.,   2.,   3.,   4.,   5.,   6.,   7.,   8.,   9.,  10.,  11.,
         12.],
       [  1.,   2.,   3.,   4.,   5.,   6.,   7.,   8.,   9.,  10.,  11.,
         12.],
       [  1.,   2.,   3.,   4.,   5.,   6.,   7.,   8.,   9.,  10.,  11.,
         12.],
       [  1.,   2.,   3.,   4.,   5.,   6.,   7.,   8.,   9.,  10.,  11.,
         12.],
       [  1.,   2.,   3.,   4.,   5.,   6.,   7.,   8.,   9.,  10.,  11.,
         12.],
       [  1.,   2.,   3.,   4.,   5.,   6.,   7.,   8.,   9.,  10.,  11.,
         12.],
       [  1.,   2.,   3.,   4.,   5.,   6.,   7.,   8.,   9.,  10.,  11.,
         12.]]), array([[  0.9,   2.4,   7.3,  14.1,  18.4,  23. ,  26.4,  26.4,  20.7,
         16.3,  11. ,   6.9],
       [  5.3,   3.4,   6.8,  16.8,  19.1,  21.3,  26.8,  27.8,  23.4,
         16.5,  10.5,   6.5],
       [  3.7,   3.7,   5.7,  10.9,  18. ,  22.2,  25.6,  27.1,  21.8,
         16.3,  11.8,   5.3],
       [  2.8,   5.7,   8.3,  13.5,  17.5,  20.9,  25.6,  27.1,  23.1,
         17. ,  11. ,   4.5],
       [  2.9,   4. ,   7.9,  13.6,  19.7,  23.1,  25.9,  27.6,  22.9,
         16.3,  11.8,   4.4],
       [  2.9,   2.2,   7.8,  14.1,  17.9,  21.6,  24.9,  26.3,  22. ,
         15.6,  11.8,   8.5],
       [  4.7,   5.2,   7. ,  13.8,  18.6,  20.8,  24.8,  26.9,  23.3,
         16.2,  10.8,   5. ],
       [  3. ,   4.5,   4.3,  12.7,  18.9,  20.7,  25.7,  26.7,  23.8,
         16.9,  11. ,   5.5],
       [  3.9,   4.8,   6.9,  13.4,  18.1,  21.7,  25.8,  26.6,  22.3,
         15.6,  11.4,   6.5],
       [  6.4,   5.7,   8.7,  13.8,  17.3,  21.3,  25.2,  26.3,  22.1,
         17.4,  10.9,   6.5],
       [  5. ,   5.5,   6.7,  15. ,  17.5,  20.8,  26.9,  27.4,  21.8,
         16.4,   9.9,   3.7],
       [  2.4,   3.6,   6.4,  13.7,  18.3,  22. ,  24.1,  27. ,  22.1,
         16.5,  10.1,   5.6],
       [  3.2,   2.8,   7.2,  14.1,  17.8,  22.2,  26. ,  26.2,  24.5,
         17.1,  12. ,   6. ],
       [  3.1,   6.1,   8.1,  13.2,  17.6,  21.9,  24.4,  25.5,  21.1,
         16.2,  10.4,   5.7],
       [  2.3,   2.6,   8.5,  14.2,  18.1,  21.7,  26.6,  26.7,  23.9,
         18.6,  13.4,   7.6],
       [  4.4,   2.8,   7.3,  13. ,  18.7,  22.9,  27.7,  28.1,  23.5,
         17.3,  11.7,   7.3],
       [  5.6,   7.2,   8.2,  13. ,  18.1,  23.6,  25.2,  27.4,  23.8,
         18.5,  12.6,   7.9],
       [  4.1,   3.4,   7.9,  12.9,  18.4,  23.1,  24.8,  25.1,  22.5,
         17.2,  12.1,   5.1],
       [  1.8,   3.6,   8.2,  13.4,  17.5,  21.7,  26.8,  26.1,  21.5,
         16. ,   9.2,   5.6],
       [  3.9,   4.3,   8.9,  13.5,  20.2,  21.9,  23.4,  26. ,  22.1,
         17.2,  13.4,   7.1],
       [  4.8,   4.3,   8.2,  15.7,  19.3,  21.8,  25.4,  28. ,  23.9,
         17.2,  11.2,   5. ],
       [  2.1,   2.1,   4.8,  12.9,  18.4,  22.8,  26.6,  28.5,  23.3,
         17.2,  12.1,   6.4],
       [  2.8,   5.3,   8.9,  14.7,  19.4,  21.6,  26.7,  27.7,  23.9,
         17.6,  11.3,   5.5],
       [  2.7,   2.6,   7.8,  13.9,  17.9,  22.1,  24.9,  27.3,  23.9,
         16.2,  11.4,   7.6],
       [  4.5,   5.4,   8.3,  14.3,  18.6,  23. ,  26.8,  27.8,  23.6,
         18.7,  12.4,   7.4],
       [  5.6,   3.4,   7.8,  13.8,  18.2,  22.3,  24.8,  27.2,  24.2,
         16.6,   9.6,   5.9],
       [  6.6,   6.9,   9.1,  14.9,  18. ,  21.6,  25.2,  27.6,  24.5,
         17.4,  13. ,   7.1],
       [  4.2,   8.5,   9.6,  14.4,  18.7,  23.7,  26.9,  28.4,  24.6,
         18.4,  14.1,   7.8],
       [  4.6,   4.2,   9.7,  15.2,  18.6,  23.8,  26.6,  26.8,  24.8,
         17.9,  12.2,   8.2],
       [  6. ,   5.3,  10.1,  14.6,  17.4,  21.7,  26.6,  27.4,  23.8,
         17.8,  12. ,   7.7],
       [  5.9,   5.9,   8. ,  13.3,  18. ,  21.6,  23.6,  25.2,  22.2,
         16.8,  13. ,   6.9],
       [  4.7,   4.6,   7.4,  15.4,  19.8,  22.9,  28.9,  29.3,  24.9,
         19.8,  13.3,   7.7],
       [  4. ,   5.3,   8.9,  13.5,  18.3,  21.5,  26.5,  30.1,  23. ,
         18.7,  10.1,   5.2],
       [  4.5,   3.8,   7.8,  12. ,  18.4,  22.7,  26.9,  27. ,  22.5,
         17.3,  12. ,   6.9],
       [  4.3,   4.8,   9.6,  14.7,  18.9,  22.7,  25.8,  27.4,  23.6,
         16.9,  12.8,   7.7],
       [  4.5,   6.8,   9.8,  17.2,  20.3,  22.4,  26.8,  28.5,  24.7,
         19.9,  12.1,   8.2],
       [  4.7,   4.8,   9.9,  14.4,  19.5,  22.8,  26. ,  27.9,  25.8,
         19.2,  12.8,   6.8],
       [  6.1,   3.5,   7.6,  13.8,  19.9,  22.6,  28. ,  28.8,  24.9,
         18.9,  13.7,   7. ],
       [  3.6,   5.5,   8.5,  14.8,  19.9,  23.3,  28.5,  27.4,  23.7,
         18.4,  11.6,   6.7],
       [  4.9,   6.1,  10.4,  15.8,  19. ,  22.8,  27.8,  28.5,  24. ,
         18. ,   9.4,   6.7],
       [  3.8,   5.9,   7.9,  14.8,  19.1,  22.6,  23.7,  26.9,  24.9,
         16.9,  14.5,   7.1],
       [  4.3,   6.2,   9.1,  15.6,  20. ,  24. ,  28.6,  27.5,  25. ,
         18.3,  14.1,   8.6],
       [  4.6,   4.8,   7.8,  15. ,  18.3,  24. ,  26.7,  28.1,  25.5,
         19. ,  11.6,   3.4],
       [  3.8,   5.5,   7.8,  13. ,  18.7,  23.3,  26.2,  28.5,  23.9,
         19.5,  13.2,   7.6],
       [  6.1,   7.7,   9. ,  14. ,  19. ,  23.1,  25.2,  29.1,  26.1,
         19.1,  12.5,   8. ],
       [  5.1,   4. ,  10.4,  15.3,  19.6,  22.4,  28.2,  28.1,  24.3,
         19. ,  12.2,   8. ],
       [  5.3,   7.3,   9.5,  15.4,  19.9,  23.3,  26.4,  27.3,  24.1,
         18.5,  12.9,   7.6],
       [  4.6,   7. ,   9.1,  13.3,  18.7,  23.9,  27.8,  29.4,  26.1,
         19.4,  12.1,   7.9],
       [  2.8,   6.6,   7.5,  13.3,  19. ,  23.8,  27.5,  28.3,  25.1,
         18.8,  13.9,   6.7],
       [  4.2,   4.1,   8.3,  14.2,  19.2,  22.3,  26.9,  28.4,  25.8,
         19. ,  11.3,   5.3],
       [  4. ,   4.6,  10.5,  13.8,  19.4,  23.6,  28.1,  29.3,  24.9,
         20.2,  11.5,   6.4]]), array([[  16.7,   28.6,   89.2,  136.8,  265.7,  250.1,  125.2,  107.6,
         113.5,   82.8,   36.1,   26. ],
       [  86.4,   72.3,  102.4,  140.7,   50.7,  168.5,  111.6,  144.5,
         179.9,  104.7,   43.7,   50.7],
       [  39.1,   49.9,   36.6,  130.6,  269.6,  197.7,  223.8,    4.4,
         365.7,   74. ,   66.7,   97.9],
       [  50.6,   98.4,  201.6,  121.9,  193. ,  172.6,  170.8,  148.2,
         297.5,  135.9,   43.6,   21.5],
       [  55.9,   21.6,  115.7,  229.7,   99.5,  162.7,  301.7,  103.2,
         183.6,  220. ,   74.5,   33.9],
       [  22.5,   72.5,  127. ,  132.5,  116.5,  172.5,  196. ,  211.5,
         102. ,   86. ,   51. ,  124.5],
       [  57. ,   82. ,  151.5,   87. ,   73.5,  239.5,  199.5,  154.5,
         150. ,   74.5,   68.5,   49. ],
       [  34.5,   75.5,   68.5,  161. ,  133. ,  361.5,  199.5,  131.5,
         192.5,   84. ,  138.5,   53.5],
       [  13. ,   49.5,   90.5,  139. ,  171. ,  123. ,  414.5,  376. ,
         321. ,  114.5,    9.5,   56. ],
       [  86.5,  104. ,  126. ,  194.5,  123. ,  251.5,  415.5,  145. ,
         226.5,   56.5,   80. ,   70.5],
       [ 107. ,   64. ,    3. ,  171.5,  141.5,  123.5,   47.5,  158. ,
         154.5,  186. ,    9.5,    0. ],
       [  17.5,   64.5,  102. ,  206. ,  127. ,  252.5,  405. ,  248. ,
         100.5,  150.5,   80.5,   37.5],
       [  49. ,   69. ,   65.5,  150. ,  127. ,  145.5,  234.5,  245. ,
         112. ,  237. ,  125. ,   48. ],
       [   1. ,  130.5,  119.5,  182.5,  269.5,  155.5,  168. ,  246.5,
         482.5,  148.5,   64. ,   60.5],
       [  10. ,   18.5,  195.5,  202. ,  166.5,  241.5,   33. ,   80. ,
         158.5,   40. ,  175. ,   46.5],
       [  21.5,   31.5,   59. ,  119.5,   75. ,  177.5,  138. ,   70. ,
         237.5,   91. ,   53.5,   29.5],
       [  42.5,  103. ,   94.5,  181.5,  150. ,  213. ,  136. ,  118.5,
         246. ,  127.5,   92. ,   22. ],
       [  78. ,   16. ,  122.5,  108. ,  223.5,  149.5,  313.5,  337. ,
          68.5,  181. ,   95. ,   34.5],
       [  20. ,   63. ,  140. ,  157.5,  169.5,  121. ,  184. ,  171. ,
         229.5,  193.5,   65. ,   11. ],
       [  18. ,   44. ,  121.5,  130.5,   89.5,  146.5,  231.5,  362. ,
         284.5,   46. ,   97. ,   29.5],
       [  19.5,   36.5,  136. ,  163. ,  106. ,  236.5,  312.5,  139. ,
         300. ,  154. ,   15.5,    9. ],
       [  24.5,   93.5,   70.5,  137. ,  101.5,  225.5,  182. ,   52.5,
          74. ,   42.5,   60. ,   41.5],
       [  22.5,   96. ,  160.5,  203. ,  202. ,  367.5,  126.5,   59.5,
         166.5,   50.5,  115. ,   20. ],
       [  18.5,   32. ,  146.5,  143.5,  209.5,  214. ,  327. ,   14. ,
          79.5,   43.5,   31.5,   90. ],
       [  55.5,   30.5,  194.5,   59.5,  255.5,   69.5,  164. ,   77.5,
         197.5,   84.5,   38.5,    7.5],
       [  28. ,   36. ,  142.5,  144. ,  154. ,  358.5,  179.5,  108.5,
         307. ,   69. ,   51. ,   11.5],
       [  97.5,  157.5,   95. ,  135.5,  189.5,  285.5,  130.5,   77.5,
         331. ,   56. ,   61. ,   27. ],
       [  64. ,  137. ,  114.5,  108. ,  156.5,  144. ,  209.5,  100. ,
         516. ,  185.5,  150.5,   18. ],
       [  44. ,   67.5,  182. ,  103. ,   99.5,  286.5,  256.5,  194. ,
         348. ,  206.5,  132.5,   70. ],
       [  32. ,   27. ,  146.5,  171. ,  149.5,  158.5,  129. ,  105.5,
         114.5,  199.5,   91. ,   89.5],
       [  61.5,  109.5,   62. ,   78. ,   96.5,  305.5,  301. ,  164. ,
         292.5,   86. ,  114.5,   55.5],
       [  25. ,   77.5,   53. ,   81. ,   88.5,  114. ,   70.5,   43. ,
         376.5,   72. ,   34.5,   25.5],
       [  53. ,   31. ,  123. ,  202.5,  200. ,   99.5,  368.5,   51. ,
         105. ,   98. ,   58. ,    3.5],
       [  21. ,   30.5,  202. ,   34.5,  104. ,  176. ,  135.5,  101.5,
         104. ,  106. ,   82.5,   59.5],
       [  21.5,   27.5,   86. ,  131.5,  162.5,  150. ,  450. ,   62.5,
         218. ,    9.5,  229.5,   61.5],
       [ 154.5,   88.5,   94. ,  212. ,  271.5,  203. ,  242. ,  119.5,
         279.5,  268. ,    7. ,   40. ],
       [  33.5,   54.5,  102. ,  100.5,  176.5,  315.5,  161. ,  169. ,
         355. ,   68. ,   92. ,    1. ],
       [  56.5,   34. ,  106.5,  150. ,  115.5,  236. ,   74.5,   17. ,
         707.5,  135. ,   74. ,   29. ],
       [ 134. ,   46. ,   69.5,   25. ,  150. ,  161.5,   29. ,  378.5,
         169.5,  166. ,   52. ,   34. ],
       [  88.5,   31. ,  111. ,   94. ,   95. ,   89.5,  150. ,   19. ,
         108. ,  163.5,   44. ,   89. ],
       [  95. ,   60.5,  110.5,  193. ,  114. ,  162. ,  379.5,  324.5,
         150. ,   93. ,  190. ,   33. ],
       [  18.5,   40.5,   71.5,   88.5,  227.5,  186.5,   64. ,  114. ,
         450.5,  489.5,   94.5,  102. ],
       [  10.5,   67.5,  131.5,   57. ,  111.5,   57.5,  138.5,   84.5,
          69.5,   92.5,   47. ,   33. ],
       [  49.5,  124.5,  117.5,  104.5,  205. ,  221. ,  275. ,   89. ,
         167. ,   89. ,   59. ,  110.5],
       [  36.5,   62. ,   86.5,   29.5,  128. ,  210. ,  339.5,   60. ,
         119. ,   90.5,   18. ,   90. ],
       [  26.5,   52. ,  152. ,  198.5,  211.5,  228.5,   33.5,  339.5,
         171. ,  101.5,   41. ,   24. ],
       [ 109.5,   74. ,  115. ,  125.5,  188. ,  240. ,  254. ,  128. ,
          51.5,  211.5,  200.5,   58. ],
       [  11.5,  137. ,  211. ,  183.5,  167. ,  259. ,  208.5,   63.5,
         190.5,  179.5,   43. ,   76. ],
       [   9.5,  114. ,   43. ,  111.5,  330.5,  171. ,  262. ,  116. ,
         388.5,  133. ,   82.5,   24. ],
       [  35. ,  109.5,  147.5,  144. ,   55.5,  200. ,  224. ,  142.5,
         233.5,  102.5,   78. ,   95.5],
       [  51.5,   68.5,   54. ,  130.5,   63.5,  148.5,  186.5,  136. ,
         280. ,  236. ,   51. ,   57.5]]), array([[ 66.,  63.,  62.,  70.,  84.,  83.,  78.,  77.,  76.,  71.,  68.,
         69.],
       [ 65.,  65.,  62.,  77.,  66.,  73.,  78.,  76.,  77.,  75.,  66.,
         70.],
       [ 64.,  66.,  57.,  62.,  72.,  77.,  81.,  68.,  76.,  66.,  73.,
         78.],
       [ 74.,  66.,  67.,  69.,  69.,  79.,  77.,  77.,  76.,  73.,  69.,
         72.],
       [ 67.,  67.,  63.,  72.,  65.,  67.,  82.,  74.,  79.,  75.,  73.,
         69.],
       [ 70.,  65.,  67.,  65.,  70.,  76.,  82.,  82.,  80.,  77.,  71.,
         76.],
       [ 71.,  70.,  67.,  71.,  68.,  76.,  83.,  76.,  80.,  72.,  74.,
         70.],
       [ 65.,  66.,  64.,  72.,  71.,  80.,  78.,  78.,  82.,  75.,  70.,
         74.],
       [ 64.,  67.,  62.,  64.,  69.,  80.,  82.,  77.,  82.,  75.,  71.,
         71.],
       [ 70.,  68.,  65.,  69.,  69.,  74.,  81.,  76.,  72.,  67.,  67.,
         70.],
       [ 67.,  66.,  55.,  65.,  62.,  76.,  71.,  77.,  75.,  72.,  66.,
         63.],
       [ 61.,  63.,  62.,  65.,  66.,  73.,  85.,  76.,  75.,  75.,  67.,
         69.],
       [ 67.,  67.,  57.,  69.,  71.,  77.,  78.,  75.,  74.,  76.,  69.,
         67.],
       [ 62.,  66.,  60.,  68.,  73.,  76.,  79.,  76.,  72.,  65.,  64.,
         66.],
       [ 63.,  60.,  62.,  61.,  64.,  76.,  72.,  69.,  73.,  64.,  68.,
         63.],
       [ 61.,  60.,  54.,  60.,  66.,  72.,  72.,  69.,  73.,  66.,  64.,
         63.],
       [ 62.,  62.,  53.,  60.,  58.,  73.,  74.,  73.,  74.,  67.,  70.,
         64.],
       [ 64.,  54.,  53.,  59.,  64.,  70.,  75.,  76.,  75.,  72.,  67.,
         64.],
       [ 66.,  65.,  62.,  60.,  64.,  75.,  76.,  74.,  74.,  67.,  68.,
         64.],
       [ 61.,  58.,  58.,  64.,  68.,  69.,  80.,  82.,  76.,  70.,  72.,
         68.],
       [ 63.,  59.,  65.,  70.,  64.,  67.,  78.,  76.,  80.,  66.,  64.,
         65.],
       [ 69.,  67.,  61.,  66.,  68.,  80.,  79.,  75.,  70.,  65.,  64.,
         67.],
       [ 62.,  66.,  64.,  64.,  68.,  75.,  75.,  74.,  76.,  69.,  70.,
         64.],
       [ 61.,  57.,  60.,  62.,  65.,  70.,  78.,  69.,  70.,  64.,  61.,
         62.],
       [ 63.,  58.,  62.,  54.,  65.,  66.,  71.,  68.,  68.,  68.,  65.,
         61.],
       [ 62.,  60.,  61.,  58.,  61.,  72.,  75.,  72.,  74.,  66.,  63.,
         60.],
       [ 64.,  64.,  57.,  57.,  70.,  71.,  73.,  68.,  74.,  65.,  66.,
         64.],
       [ 64.,  66.,  58.,  61.,  62.,  71.,  73.,  66.,  73.,  69.,  68.,
         65.],
       [ 66.,  62.,  64.,  64.,  66.,  76.,  75.,  72.,  73.,  73.,  66.,
         68.],
       [ 64.,  60.,  63.,  61.,  65.,  70.,  69.,  73.,  63.,  73.,  68.,
         70.],
       [ 67.,  62.,  54.,  57.,  64.,  75.,  81.,  77.,  75.,  65.,  71.,
         67.],
       [ 59.,  60.,  54.,  56.,  61.,  69.,  67.,  66.,  70.,  67.,  63.,
         63.],
       [ 65.,  55.,  62.,  63.,  68.,  70.,  76.,  60.,  66.,  66.,  61.,
         60.],
       [ 63.,  57.,  64.,  54.,  63.,  78.,  73.,  73.,  75.,  71.,  73.,
         73.],
       [ 68.,  62.,  57.,  61.,  72.,  75.,  80.,  72.,  74.,  66.,  70.,
         69.],
       [ 73.,  66.,  58.,  73.,  76.,  79.,  75.,  73.,  79.,  78.,  68.,
         70.],
       [ 72.,  66.,  66.,  67.,  65.,  76.,  79.,  76.,  81.,  68.,  70.,
         65.],
       [ 64.,  65.,  59.,  59.,  68.,  76.,  68.,  66.,  68.,  70.,  68.,
         66.],
       [ 66.,  59.,  60.,  55.,  65.,  70.,  65.,  69.,  67.,  67.,  62.,
         63.],
       [ 67.,  60.,  55.,  59.,  65.,  65.,  71.,  62.,  65.,  64.,  64.,
         65.],
       [ 61.,  56.,  52.,  66.,  68.,  74.,  81.,  77.,  70.,  66.,  76.,
         70.],
       [ 63.,  63.,  59.,  55.,  73.,  71.,  66.,  70.,  75.,  71.,  68.,
         65.],
       [ 63.,  65.,  62.,  57.,  62.,  69.,  71.,  68.,  69.,  71.,  63.,
         70.],
       [ 61.,  65.,  61.,  56.,  68.,  67.,  73.,  64.,  68.,  66.,  65.,
         65.],
       [ 60.,  55.,  51.,  52.,  58.,  66.,  72.,  64.,  69.,  64.,  61.,
         65.],
       [ 57.,  57.,  54.,  58.,  60.,  69.,  64.,  65.,  67.,  65.,  62.,
         62.],
       [ 60.,  56.,  53.,  52.,  60.,  63.,  73.,  66.,  61.,  62.,  63.,
         60.],
       [ 62.,  63.,  61.,  58.,  58.,  66.,  69.,  67.,  63.,  71.,  65.,
         66.],
       [ 67.,  62.,  57.,  56.,  67.,  76.,  74.,  73.,  71.,  66.,  70.,
         68.],
       [ 65.,  66.,  64.,  66.,  62.,  72.,  75.,  71.,  70.,  63.,  65.,
         68.],
       [ 63.,  62.,  54.,  58.,  59.,  72.,  69.,  66.,  68.,  69.,  67.,
         65.]]), array([[ 13.,  14.,  14.,   7.,   7.,   7.,   7.,   7.,   0.,   0.,   0.,
          0.],
       [ 15.,  14.,  14.,  14.,   8.,   7.,   7.,   7.,   0.,   0.,   0.,
          0.],
       [ 14.,  14.,  14.,  14.,   0.,   7.,   0.,   8.,   0.,   0.,   0.,
         14.],
       [  0.,  14.,  15.,  15.,   0.,   7.,   0.,   7.,   0.,   0.,  15.,
          0.],
       [ 14.,  14.,  14.,  15.,   7.,   7.,   7.,   0.,   0.,   0.,   0.,
          0.],
       [ 14.,  14.,  14.,   0.,   0.,   7.,   7.,   7.,  15.,  15.,   0.,
          0.],
       [ 15.,  15.,  14.,   0.,  14.,   7.,   7.,  15.,   0.,  15.,  14.,
         14.],
       [  0.,  14.,  14.,  15.,   7.,   0.,   7.,   7.,   0.,   0.,   0.,
          0.],
       [ 15.,  14.,  14.,  14.,   0.,   7.,   6.,   6.,   0.,  15.,   0.,
         14.],
       [ 14.,  15.,  14.,  14.,  15.,   7.,   7.,   7.,   0.,  14.,  14.,
         14.],
       [ 15.,  15.,  14.,   0.,  14.,   7.,   7.,   6.,   0.,   0.,  14.,
         14.],
       [ 14.,  15.,  14.,  14.,   7.,  15.,   6.,   0.,   0.,   0.,  15.,
          0.],
       [ 14.,  15.,  14.,  14.,  15.,   7.,   7.,   7.,   0.,   0.,  15.,
          0.],
       [ 14.,  15.,  14.,  15.,  15.,   7.,   7.,   0.,   0.,   0.,  15.,
          0.],
       [ 14.,  14.,  14.,   0.,  14.,   0.,   7.,   0.,  15.,   0.,   0.,
          0.],
       [ 14.,  14.,  14.,  14.,   7.,   7.,   7.,   6.,   0.,   0.,  15.,
         15.],
       [ 14.,  15.,  15.,  15.,  14.,   6.,   6.,   7.,   0.,   0.,   0.,
          0.],
       [  0.,  14.,  14.,  15.,   7.,   7.,   7.,   7.,  15.,  15.,   0.,
         14.],
       [ 14.,  15.,  14.,  15.,  15.,   7.,   6.,   7.,   0.,   0.,  15.,
          0.],
       [ 14.,  14.,   0.,   0.,   6.,   0.,   7.,   6.,   0.,   0.,   0.,
         14.],
       [ 14.,  14.,  14.,  15.,   7.,   7.,   6.,   7.,   0.,  15.,  15.,
         15.],
       [ 13.,  14.,  15.,   0.,   7.,   7.,   7.,   7.,  15.,  15.,   0.,
          0.],
       [ 14.,  14.,   0.,   0.,   7.,   7.,   7.,   7.,   0.,   0.,   0.,
          0.],
       [ 14.,  15.,  14.,  14.,  15.,   7.,   7.,   7.,  15.,  15.,   0.,
         15.],
       [ 15.,  14.,  15.,  15.,   7.,   7.,   7.,   7.,  15.,  15.,  15.,
         15.],
       [ 14.,  15.,  15.,  15.,  15.,   6.,   8.,   7.,  15.,  15.,  15.,
         15.],
       [ 15.,  15.,  14.,  14.,  15.,   7.,   7.,   6.,   7.,  15.,  15.,
         15.],
       [ 15.,  15.,  15.,  14.,  14.,   7.,   7.,   7.,  15.,  15.,  15.,
         15.],
       [ 14.,  14.,  14.,  15.,   7.,   7.,   7.,   7.,   0.,  15.,  15.,
         15.],
       [ 15.,  15.,  15.,  15.,  15.,   7.,  14.,   7.,  15.,   0.,  15.,
         15.],
       [ 15.,  14.,  15.,  14.,   7.,   7.,   7.,   7.,  15.,  15.,  15.,
         15.],
       [ 15.,  15.,  15.,  15.,   7.,  15.,   7.,   7.,  15.,  15.,  15.,
         15.],
       [ 15.,  14.,  14.,  15.,   7.,  15.,   7.,  15.,  15.,  15.,  15.,
         15.],
       [ 15.,  15.,  14.,  14.,  14.,   7.,   7.,   7.,  15.,  15.,  15.,
         15.],
       [ 15.,  14.,  14.,  15.,  14.,   7.,   7.,   7.,  15.,  15.,  15.,
         15.],
       [ 15.,  15.,  15.,   7.,   7.,  15.,   7.,   7.,  15.,  15.,  15.,
         15.],
       [ 15.,  14.,  15.,  15.,   7.,   7.,   7.,   6.,   7.,  15.,  15.,
         15.],
       [ 15.,  14.,  14.,  15.,   7.,   7.,   7.,   7.,   7.,  15.,  15.,
         15.],
       [ 15.,  14.,  14.,  15.,   6.,   7.,   7.,   7.,  15.,  15.,  15.,
         15.],
       [ 15.,  15.,  14.,  14.,  15.,   7.,   7.,   7.,  15.,  15.,  15.,
         15.],
       [ 14.,  15.,  15.,  15.,   7.,   7.,   7.,   7.,  15.,  15.,  15.,
         14.],
       [ 15.,  15.,  15.,  15.,   7.,   7.,   7.,   7.,   7.,  15.,  15.,
         15.],
       [ 14.,  14.,  14.,  15.,  15.,   7.,   7.,   7.,  15.,  15.,  15.,
         14.],
       [ 15.,  15.,  14.,  14.,   7.,   6.,   7.,   7.,  15.,  15.,  15.,
         15.],
       [ 15.,  15.,  15.,  14.,  15.,   7.,  14.,   7.,   7.,  15.,  15.,
         15.],
       [ 15.,  15.,  15.,  14.,  15.,   7.,   7.,   7.,  15.,   0.,  15.,
          0.],
       [ 15.,  14.,  15.,  14.,  15.,   7.,   7.,   7.,  15.,  15.,  15.,
         15.],
       [ 14.,  14.,  15.,  15.,  14.,   7.,   7.,   7.,  15.,  15.,  15.,
         15.],
       [ 15.,  15.,  14.,  15.,  15.,   7.,   6.,   7.,   7.,  15.,  15.,
         15.],
       [ 15.,  15.,  15.,  15.,  14.,   7.,   7.,   7.,   6.,  15.,  15.,
         15.],
       [ 14.,  15.,  15.,  15.,  15.,   7.,   6.,   7.,  15.,  15.,  15.,
         15.]])]